-446, -788
-442, -792
-439, -798
-441, -813
-671, -1256
-664, -1260
-656, -1264
-648, -1268
-640, -1271
-626, -1263
-613, -1257
-603, -1256
-594, -1257
-585, -1258
-573, -1252
-562, -1248
-553, -1248
-540, -1240
-531, -1238
-521, -1238
-513, -1239
-505, -1241
-494, -1236
-486, -1239
-481, -1247
-473, -1250
-1059, -2849
-1041, -2855
-1024, -2862
-1000, -2852
-982, -2855
-964, -2861
-943, -2856
-923, -2855
-903, -2851
-884, -2852
-865, -2854
-846, -2853
-828, -2855
-809, -2855
-789, -2852
-770, -2853
-751, -2852
-734, -2856
-713, -2849
-695, -2849
-676, -2849
-658, -2849
-640, -2851
-621, -2848
-603, -2849
-584, -2847
-565, -2845
-548, -2846
-530, -2850
-512, -2851
-495, -2854
-476, -2851
-458, -2848
-440, -2847
-421, -2842
-404, -2845
-386, -2847
-369, -2849
-351, -2851
-333, -2848
-315, -2847
-297, -2844
-279, -2842
-262, -2839
-244, -2841
-227, -2842
-209, -2843
-192, -2842
-174, -2836
-156, -2836
-139, -2837
-121, -2838
-104, -2841
-87, -2841
-69, -2842
-52, -2840
-34, -2839
-17, -2839
0, -2840
17, -2838
34, -2835
52, -2835
69, -2835
86, -2834
104, -2836
121, -2838
139, -2837
156, -2833
174, -2832
191, -2835
209, -2839
226, -2837
244, -2840
262, -2838
279, -2837
296, -2836
314, -2838
332, -2836
349, -2834
367, -2836
384, -2833
402, -2831
419, -2831
437, -2828
455, -2832
473, -2829
490, -2826
507, -2823
527, -2831
545, -2831
563, -2833
580, -2829
598, -2828
617, -2832
635, -2831
653, -2830
672, -2830
691, -2833
709, -2830
726, -2827
745, -2827
764, -2829
783, -2832
802, -2831
821, -2831
839, -2829
857, -2827
876, -2826
897, -2833
914, -2827
933, -2826
953, -2826
973, -2830
991, -2827
1010, -2824
1028, -2819
1048, -2820
1068, -2821
1089, -2824
1107, -2820
1129, -2823
1149, -2824
1172, -2829
1189, -2822
1209, -2820
1230, -2823
1248, -2817
1268, -2814
1291, -2819
1317, -2829
1335, -2823
1354, -2818
1374, -2816
1402, -2828
1420, -2822
1440, -2819
1462, -2818
1490, -2830
1510, -2825
1530, -2820
1558, -2832
1578, -2827
1599, -2824
1625, -2828
1649, -2829
1670, -2826
1696, -2829
1723, -2835
1743, -2829
1767, -2830
1791, -2829
1818, -2832
1842, -2832
1862, -2824
1892, -2832
1913, -2826
1938, -2825
1966, -2828
1990, -2826
2017, -2827
2046, -2830
2071, -2829
2092, -2821
2126, -2830
2150, -2826
2183, -2833
2209, -2831
2227, -2818
2264, -2829
2294, -2830
2326, -2834
2353, -2831
2373, -2820
2411, -2830
2440, -2828
2468, -2825
2497, -2824
2525, -2820
2557, -2822
2582, -2814
2623, -2824
2649, -2816
2687, -2822
2721, -2823
2752, -2820
2785, -2820
2812, -2812
2847, -2812
2888, -2818
2914, -2809
2954, -2813
2987, -2809
3023, -2808
3060, -2808
3097, -2807
3125, -2798
3165, -2798
3208, -2802
3251, -2804
3287, -2800
3321, -2794
3364, -2796
3411, -2799
3452, -2798
3495, -2797
3528, -2789
3573, -2788
3623, -2791
3662, -2786
3722, -2796
3765, -2792
3827, -2802
3867, -2795
3907, -2787
3958, -2788
4025, -2798
4070, -2792
4114, -2785
4173, -2788
4226, -2786
4304, -2800
4358, -2797
4447, -2816
4516, -2821
4627, -2851
4644, -2822
4695, -2814
2371, -1051
2360, -1029
2362, -1012
2355, -992
2334, -967
2334, -950
2319, -927
2325, -913
2328, -898
2332, -883
2332, -866
2337, -852
2342, -838
2349, -824
2359, -811
2364, -797
2364, -781
2366, -765
2368, -750
2373, -735
2378, -721
2384, -707
2448, -709
2452, -694
2456, -679
2048, -553
2035, -536
2028, -521
2006, -502
2010, -490
2013, -478
2042, -471
3696, 2603
3680, 2625
3664, 2648
3889, 3396
3868, 3420
3815, 3415
3789, 3435
1962, 1801
1945, 1807
1913, 1799
1895, 1804
1867, 1800
1848, 1803
1818, 1796
1793, 1793
1781, 1803
1748, 1792
1730, 1794
1711, 1797
1685, 1792
1668, 1795
1644, 1792
1628, 1796
1607, 1795
1591, 1800
1564, 1791
1547, 1793
1526, 1791
1506, 1790
1487, 1789
1469, 1791
1455, 1795
1429, 1786
1418, 1795
1402, 1797
1391, 1806
1385, 1820
1382, 1840
1378, 1858
1382, 1888
1380, 1910
1380, 1934
1377, 1955
1380, 1985
1379, 2010
1378, 2035
1377, 2062
1380, 2093
1380, 2122
1377, 2146
1374, 2171
1379, 2207
1373, 2228
1380, 2272
1376, 2296
1380, 2335
1378, 2365
1933, 3364
1912, 3375
1891, 3387
1861, 3382
1836, 3385
1807, 3381
1783, 3386
1753, 3379
1727, 3379
1705, 3388
1680, 3390
1653, 3388
1624, 3380
1602, 3389
1575, 3385
1548, 3381
1526, 3387
1501, 3386
1475, 3384
1448, 3378
1424, 3380
1403, 3388
1374, 3376
1351, 3378
1330, 3386
1303, 3378
1281, 3384
1255, 3377
1232, 3378
1208, 3378
1183, 3372
1159, 3371
1138, 3376
1114, 3373
1088, 3363
1065, 3364
1044, 3369
1020, 3363
998, 3366
977, 3370
956, 3374
934, 3375
907, 3360
886, 3364
864, 3363
843, 3367
820, 3363
798, 3364
777, 3365
755, 3366
734, 3366
712, 3364
690, 3362
668, 3359
646, 3355
624, 3356
602, 3351
581, 3349
560, 3352
539, 3351
518, 3354
497, 3352
476, 3353
455, 3351
433, 3349
413, 3351
392, 3353
371, 3351
351, 3353
330, 3354
309, 3352
288, 3349
267, 3342
246, 3343
226, 3345
205, 3344
184, 3344
164, 3345
143, 3342
123, 3343
102, 3343
82, 3344
61, 3344
41, 3344
20, 3344
0, 3343
-20, 3342
-41, 3342
-61, 3341
-82, 3340
-102, 3340
-123, 3339
-143, 3340
-164, 3341
-184, 3342
-205, 3342
-226, 3345
-246, 3343
-267, 3342
-287, 3340
-308, 3343
-329, 3342
-350, 3346
-371, 3346
-391, 3344
-412, 3340
-432, 3339
-453, 3336
-474, 3338
-495, 3341
-516, 3339
-537, 3339
-772, 3345
-793, 3341
-813, 3336
-834, 3332
-856, 3331
-877, 3329
-900, 3331
-921, 3330
-944, 3333
-967, 3334
-987, 3328
-1011, 3333
-1032, 3328
-1053, 3324
-1077, 3329
-1100, 3331
-1124, 3333
-1147, 3336
-1170, 3335
-1192, 3332
-1215, 3333
-1239, 3334
-1260, 3327
-1282, 3325
-1305, 3323
-1330, 3327
-1354, 3326
-1382, 3337
-1403, 3329
-1428, 3332
-1451, 3328
-1477, 3334
-1501, 3332
-1524, 3328
-1550, 3329
-1572, 3325
-1595, 3321
-1623, 3326
-1649, 3328
-1676, 3330
-1697, 3321
-1724, 3324
-1753, 3330
-1775, 3322
-1800, 3319
-1827, 3320
-1852, 3316
-1884, 3327
-1909, 3322

